25 22
14 15 14 16 4 10 10 15 19 2 1 17 6 5 6 12 9 6 7 6 19 19 6 7 16
10 10 15 15 16 17 8 11 10 16 6 11 5 20 10 7 1 18 4 5 3 15
6 20
13 11 19 11 16 17
18 6 6 13 12 14 9 11 16 10 6 1 1 3 13 10 1 13 7 4
9 11
18 6 20 10 17 10 12 4 7
9 1 4 13 12 17 13 3 12 3 20
15 5
2 17 4 2 1 2 5 9 2 14 7 13 15 3 3
6 6 9 7 7
12 19
10 1 4 4 12 6 4 16 20 17 12 15
11 12 16 7 13 9 1 19 1 15 13 15 13 18 3 19 16 7 9
28 7
12 1 10 17 16 18 8 5 1 2 15 5 9 1 9 9 1 19 2 8 11 16 20 20 11 18 16 9
6 5 15 18 5 16 6
23 13
6 17 6 7 11 10 8 11 18 16 4 16 9 3 18 5 2 17 7 11 4 15 16
8 1 5 13 16 3 5 1 8 1 6 6 3
17 3
5 16 1 8 11 9 10 20 5 3 16 11 13 20 17 1 7
17 5 11
13 19
7 5 6 7 2 12 1 8 16 6 3 8 13
5 9 15 4 13 17 11 16 10 10 12 2 9 9 18 19 13 17 6
7 4
4 18 17 5 17 13 10
11 20 14 7
20 18
10 13 17 20 20 6 2 11 19 10 11 16 8 3 12 13 11 6 17 20
2 13 16 6 2 18 18 15 4 17 15 5 9 11 5 8 8 18
11 26
7 1 1 6 4 13 19 6 10 7 6
3 11 13 9 12 11 6 18 14 2 12 19 3 2 15 2 1 12 12 6 10 5 7 15 20 11
5 15
12 3 2 14 13
15 2 4 5 19 14 10 1 5 20 15 19 6 16 19
19 30
17 18 4 3 13 15 5 17 19 16 12 13 9 4 7 3 20 3 1
13 4 13 17 4 7 7 1 15 18 10 14 14 7 9 8 11 3 4 20 13 19 11 5 19 14 3 13 13 5
14 25
1 6 14 16 5 12 16 19 9 5 12 14 4 12
13 14 6 16 13 10 6 3 15 5 9 9 17 13 6 2 18 6 20 3 1 4 14 16 2
15 3
5 20 16 16 13 9 13 8 14 2 14 8 8 10 16
17 6 9
12 10
18 19 19 20 19 2 5 6 3 11 18 19
11 13 6 3 2 18 2 7 19 15
24 7
16 10 15 14 10 16 13 19 6 11 18 4 4 14 9 18 17 19 16 19 11 1 13 4
10 14 10 8 1 4 6
6 5
20 9 6 7 13 4
12 3 13 7 18
18 8
15 14 6 10 12 16 2 4 12 11 10 1 11 10 16 16 17 12
16 6 17 14 10 20 6 5
14 22
2 2 19 17 15 4 18 19 12 12 2 3 2 11
15 12 12 11 20 9 2 15 6 11 8 15 2 5 19 6 9 1 7 7 9 1
13 16
19 6 17 13 20 11 3 14 14 7 16 13 15
10 19 12 20 19 6 1 3 17 6 11 9 4 10 17 5
4 4
15 9 3 7
8 13 2 13
26 10
9 11 14 18 9 5 9 7 2 1 2 10 19 4 18 2 13 14 18 8 20 13 8 2 11 7
14 4 20 11 3 8 1 8 17 10
4 7
8 6 17 9
15 15 13 5 17 17 10
14 25
9 18 4 10 1 11 15 4 10 6 19 9 18 6
5 19 2 13 19 19 9 7 5 4 11 9 12 8 19 17 4 7 7 7 9 7 17 3 2
18 30
12 6 10 10 2 8 11 14 6 9 15 5 13 18 15 14 1 14
12 9 9 10 15 16 18 13 4 13 15 14 4 18 19 13 7 13 13 17 6 10 17 20 6 2 9 13 15 1
26 28
10 15 7 4 2 17 9 17 1 15 10 4 12 1 9 19 13 13 7 10 2 4 10 8 5 10
20 11 11 17 8 12 3 6 7 16 14 15 13 6 9 14 10 1 14 10 11 18 2 17 8 15 12 9
24 28
10 5 18 20 2 17 3 4 3 10 12 8 16 4 14 5 9 15 17 15 4 19 12 17
15 19 11 19 19 17 6 9 1 4 20 2 20 3 18 14 4 9 2 19 4 15 15 12 1 3 18 4
11 30
12 8 20 14 6 11 10 11 19 11 14
10 12 6 12 1 11 7 9 12 6 4 18 12 8 18 15 5 13 15 6 4 2 18 10 7 8 19 18 6 9
3 25
13 20 19
5 11 5 6 14 2 9 12 14 16 1 8 13 6 14 18 9 16 15 10 2 2 9 11 19
9 6
6 13 5 4 18 7 20 3 1
2 3 4 7 19 16
16 21
1 19 20 2 14 15 11 8 8 11 10 7 20 15 4 4
12 7 1 10 18 15 2 11 18 17 17 8 13 14 10 5 13 9 18 18 15
19 15
15 11 7 13 2 1 16 6 4 14 6 14 11 13 7 2 10 4 10
9 8 4 18 12 8 18 10 5 13 10 2 7 12 8
11 14
20 6 19 4 19 16 9 1 8 15 14
9 10 4 17 17 19 6 1 6 4 10 2 8 11
23 24
14 10 16 7 10 1 5 5 11 13 13 11 12 19 5 1 9 20 9 5 18 7 17
15 10 18 16 17 8 11 2 2 12 17 20 1 9 17 17 19 9 1 9 20 20 5 12
30 14
13 16 13 19 13 7 8 10 15 16 10 5 17 3 16 13 2 9 1 18 17 11 6 18 19 18 9 16 9 8
19 1 15 12 11 19 10 18 9 4 13 10 20 1
2 8
5 5
8 17 3 4 7 20 13 18
7 21
13 18 20 11 10 15 14
1 5 4 10 13 7 15 2 19 15 5 18 20 10 5 8 12 20 15 3 13
12 2
13 16 1 5 6 10 11 20 2 15 15 4
8 13
28 21
11 4 6 20 15 7 4 3 10 4 17 12 8 20 3 20 15 3 4 12 5 14 3 18 9 9 1 8
2 18 20 4 14 5 4 8 3 7 10 12 2 18 4 9 9 18 1 15 13
14 29
17 10 13 14 10 2 15 17 3 4 8 6 17 13
9 17 7 8 6 19 9 16 2 10 4 11 10 11 3 5 9 11 6 1 17 15 2 3 3 16 6 11 2
15 5
2 11 1 9 8 11 10 15 12 11 11 15 20 1 17
16 9 20 2 1
6 18
3 18 3 18 15 5
11 1 11 13 3 11 13 3 14 2 17 17 12 7 11 3 7 20
9 17
19 12 8 14 11 10 3 13 19
9 17 10 10 7 14 12 10 6 6 3 8 3 19 11 9 2
4 18
1 4 14 19
15 1 4 17 2 18 10 1 6 18 2 7 17 15 11 18 20 16
22 9
18 10 10 19 3 3 6 3 6 11 13 12 4 8 8 5 5 9 17 3 7 18
9 15 4 19 12 16 15 3 14
4 4
3 2 7 17
19 9 14 2
14 27
5 1 5 1 6 5 18 8 3 7 8 17 3 7
8 18 13 2 11 16 6 6 10 12 2 20 12 16 13 5 12 17 18 8 18 15 5 7 14 7 13
1 14
15
19 3 4 11 5 15 19 10 20 20 13 13 11 16
10 14
13 4 12 10 11 1 4 15 7 17
14 12 17 17 18 16 19 2 18 15 8 8 16 19
27 28
11 10 16 11 13 8 14 16 17 16 17 20 3 3 8 16 6 16 12 4 3 2 17 1 9 4 8
4 2 7 4 12 16 19 14 20 6 7 15 14 15 11 5 17 6 12 12 3 7 15 6 10 8 2 2
16 27
1 12 18 7 15 2 2 13 15 1 10 14 16 3 8 18
7 16 15 10 7 18 16 13 15 17 12 9 10 8 5 11 11 3 17 5 16 11 9 10 11 10 15
8 2
2 8 10 17 2 19 15 11
6 19
16 25
11 14 4 10 18 6 20 12 3 16 19 13 4 1 15 5
15 5 8 9 12 17 5 5 7 12 16 4 10 1 18 20 6 14 9 15 19 20 19 13 15
7 7
10 17 12 14 12 16 1
20 19 9 16 3 7 19
20 11
9 2 20 20 7 5 1 14 4 20 12 8 15 20 5 16 17 16 10 20
3 2 11 1 3 18 15 1 17 5 11
27 6
3 8 5 7 8 18 2 20 9 2 6 20 6 1 16 13 2 7 15 16 17 7 10 7 1 10 15
17 13 11 15 15 10
9 13
10 16 7 9 16 8 6 15 13
18 3 5 20 9 11 7 18 9 16 16 9 17
10 8
9 12 12 15 1 10 20 10 17 6
10 4 5 15 10 9 13 12
5 24
13 15 10 2 3
17 17 3 5 18 12 14 9 3 20 9 4 19 11 20 16 20 3 20 15 13 8 19 16
24 22
20 18 3 1 12 11 9 7 15 6 18 20 14 13 20 15 16 10 5 8 18 16 2 9
10 6 9 20 2 12 1 1 2 15 14 13 5 2 11 12 8 9 11 13 13 2
7 18
4 11 7 1 7 9 9
8 14 17 20 7 1 12 20 2 7 13 6 3 14 17 14 13 17
5 16
9 6 12 8 9
15 15 1 13 3 2 12 8 18 11 15 10 3 14 11 9
18 17
11 11 13 5 4 9 1 1 9 18 12 16 19 18 2 19 10 16
20 2 4 10 12 10 19 14 15 10 14 12 18 17 14 2 13
29 22
13 9 10 2 13 17 20 10 19 19 12 6 10 13 1 11 16 10 10 2 16 11 15 7 20 3 1 1 15
9 2 7 10 11 9 2 19 20 3 9 10 14 15 20 18 7 10 14 9 11 15
14 3
1 3 12 4 3 12 18 3 13 17 4 15 17 5
6 16 8
24 8
13 20 17 11 7 18 4 15 1 10 18 13 2 20 17 5 14 20 15 9 5 11 12 19
19 9 4 6 8 10 3 20
9 11
10 15 9 5 9 1 6 19 5
8 18 1 12 4 1 18 4 5 8 15
15 28
3 11 4 2 20 18 2 8 9 3 15 9 20 15 9
5 13 13 12 3 6 16 6 6 13 9 2 13 15 16 10 10 6 5 11 17 3 12 17 3 7 11 11
26 25
11 10 10 15 14 12 20 9 17 17 13 17 18 5 11 6 7 20 3 3 11 20 17 14 8 19
20 18 1 17 14 11 7 3 6 20 14 17 20 2 14 12 18 11 9 1 16 7 12 11 9
4 10
6 8 17 16
19 6 17 16 11 19 14 6 16 5
9 23
16 13 18 19 2 20 7 2 8
13 14 18 14 19 7 19 6 15 6 17 12 2 4 2 13 17 7 8 13 18 12 8
10 19
6 11 9 5 5 16 9 10 13 2
8 11 12 6 17 10 14 8 11 17 9 15 5 16 3 17 5 6 16
14 15
13 16 15 17 12 2 18 13 6 19 1 16 3 18
12 12 11 19 14 19 19 9 3 14 3 11 10 20 6
23 16
18 11 20 7 2 1 4 7 6 2 7 13 16 16 16 19 18 6 13 16 5 13 18
10 7 8 20 6 5 14 12 2 4 3 20 18 16 3 4
23 25
2 6 12 17 13 11 14 19 15 9 3 19 18 12 17 17 3 14 13 17 5 6 20
20 6 9 15 8 12 7 4 13 4 16 1 9 18 6 7 4 6 1 2 3 4 10 11 7
23 23
3 8 1 14 19 6 3 13 13 6 11 17 11 7 4 11 7 1 9 13 4 14 5
17 9 8 6 11 6 8 14 20 7 14 14 5 11 8 9 3 5 12 11 15 10 14
18 16
6 6 20 1 11 16 17 19 3 14 10 1 14 15 20 12 20 5
9 10 4 17 12 9 20 3 15 1 8 12 8 14 9 19
16 20
14 15 10 9 8 19 9 13 5 8 5 4 13 13 13 16
1 17 4 1 11 11 13 10 2 1 3 3 11 9 2 5 3 3 13 2
12 21
15 18 8 19 2 12 3 6 8 3 14 3
15 4 13 8 14 7 20 8 9 10 8 2 6 2 4 18 16 17 10 2 15
20 2
8 1 14 5 20 16 19 3 11 14 7 10 19 5 9 19 13 10 18 6
8 20
2 15
7 18
7 8 4 16 19 3 16 12 8 16 7 18 10 9 11
26 18
2 13 18 20 5 20 17 3 7 8 4 3 14 13 9 13 9 16 11 11 12 14 10 19 13 7
8 1 10 15 11 11 7 8 10 4 19 18 6 5 6 9 20 19
23 10
12 1 16 14 4 7 8 13 5 20 20 4 12 1 18 2 11 5 2 12 8 20 9
5 17 14 5 16 5 17 7 8 18
2 13
1 20
20 5 4 11 16 19 3 16 17 4 18 1 5
29 20
17 10 4 13 15 8 20 11 16 6 10 5 20 3 5 19 2 2 15 5 17 13 7 13 9 2 10 1 19
11 12 7 12 15 11 6 14 10 17 10 7 6 14 6 8 11 17 2 12
1 18
8
3 16 12 4 17 14 4 7 16 16 13 7 2 3 12 8 4 20
7 21
18 2 8 17 4 4 10
7 14 7 7 9 2 18 12 11 3 7 9 18 14 2 16 16 16 8 15 20
9 21
2 8 4 1 5 8 5 14 6
10 13 12 10 6 10 1 16 4 20 5 2 13 18 17 20 13 16 14 4 7
6 15
14 20 18 18 19 2
4 4 3 8 16 13 13 17 5 1 20 16 5 13 9
24 22
8 18 9 2 2 15 9 18 9 8 15 18 18 8 13 14 3 20 1 7 13 17 3 13
8 19 9 13 7 2 14 6 11 2 7 12 9 16 2 9 15 16 18 5 16 11
20 8
10 10 16 14 18 18 18 17 16 6 9 2 19 14 8 10 8 6 13 16
13 14 16 20 2 13 16 17
23 15
6 5 14 1 18 11 18 16 19 6 13 8 7 12 1 6 13 8 4 5 15 8 19
10 19 12 3 14 8 17 18 5 1 3 5 11 5 14
8 14
19 10 3 18 13 3 15 17
3 10 2 17 18 12 19 16 3 1 2 2 17 11
26 20
14 2 20 18 7 9 13 18 10 15 15 3 10 1 19 12 11 12 20 8 3 18 15 17 10 16
10 19 7 15 8 12 8 19 1 7 19 14 4 8 20 10 2 9 10 1
10 20
4 12 19 19 9 14 15 11 1 5
9 7 11 8 18 11 18 19 17 8 4 20 15 3 1 17 12 10 9 3
20 22
14 20 10 15 13 17 17 14 1 5 12 3 4 2 13 13 12 1 20 15
12 14 9 12 2 20 14 10 15 15 14 8 14 3 14 7 11 10 12 3 6 3
6 9
16 10 13 7 3 4
1 14 18 10 18 11 1 11 13
5 15
6 15 18 20 8
16 11 18 19 13 15 2 10 4 9 12 8 16 14 12
0 0